1000 131.26520001888275
1500 225.60079902410507
2000 382.3456010222435
2500 538.456198990345
5000 2011.6074000000954
1000 110.61360001564026
1500 212.2740010023117
2000 316.3764999508858
2500 518.1340990066528
5000 2187.91849899292
1000 120.18099999427795
1500 247.01759999990463
2000 326.87850004434586
2500 531.7484999895096
5000 1915.7768999934196
1000 109.57590001821518
1500 225.94789999723434
2000 330.9336000084877
2500 506.0832999944687
5000 1944.4271010160446
1000 115.20309895277023
1500 206.05799996852875
2000 308.07270097732544
2500 508.43259996175766
5000 2014.4866999983788
1000 141.25069999694824
1500 211.01329898834229
2000 338.4914000034332
2500 525.660000026226
5000 2085.462999999523
1000 114.22120004892349
1500 219.89100098609924
2000 334.7249999642372
2500 518.9390000104904
5000 1940.8906999826431
1000 115.76139998435974
1500 219.23699897527695
2000 331.100300014019
2500 514.519299030304
5000 1887.8269000053406
1000 121.00649899244308
1500 214.19110000133514
2000 336.4437000155449
2500 531.5837999582291
5000 2162.4850999712944
